Laplacian :
 threshold=15
 kernel=[
  0   1   0 
  1  -4   1 
  0   1   0 
]
Minimum variance Laplacian :
 threshold=20
 kernel=[
  2  -1   2 
 -1  -4  -1 
  2  -1   2 
]
Laplace of Gaussian :
 threshold=3500
 kernel=[
  0   0   0  -1  -1  -2  -1  -1   0   0   0 
  0   0  -2  -4  -8  -9  -8  -4  -2   0   0 
  0  -2  -7 -15 -22 -23 -22 -15  -7  -2   0 
 -1  -4 -15 -24 -14  -1 -14 -24 -15  -4  -1 
 -1  -8 -22 -14  52 103  52 -14 -22  -8  -1 
 -2  -9 -23  -1 103 178 103  -1 -23  -9  -2 
 -1  -8 -22 -14  52 103  52 -14 -22  -8  -1 
 -1  -4 -15 -24 -14  -1 -14 -24 -15  -4  -1 
  0  -2  -7 -15 -22 -23 -22 -15  -7  -2   0 
  0   0  -2  -4  -8  -9  -8  -4  -2   0   0 
  0   0   0  -1  -1  -2  -1  -1   0   0   0 
]
Difference of Gaussian :
 threshold=1
 kernel1(alpha=3)=[
1.259039e-03 2.075804e-03 3.062518e-03 4.043114e-03 4.776374e-03 5.049238e-03 4.776374e-03 4.043114e-03 3.062518e-03 2.075804e-03 1.259039e-03 
2.075804e-03 3.422422e-03 5.049238e-03 6.665968e-03 7.874910e-03 8.324786e-03 7.874910e-03 6.665968e-03 5.049238e-03 3.422422e-03 2.075804e-03 
3.062518e-03 5.049238e-03 7.449346e-03 9.834573e-03 1.161817e-02 1.228190e-02 1.161817e-02 9.834573e-03 7.449346e-03 5.049238e-03 3.062518e-03 
4.043114e-03 6.665968e-03 9.834573e-03 1.298353e-02 1.533823e-02 1.621447e-02 1.533823e-02 1.298353e-02 9.834573e-03 6.665968e-03 4.043114e-03 
4.776374e-03 7.874910e-03 1.161817e-02 1.533823e-02 1.811998e-02 1.915513e-02 1.811998e-02 1.533823e-02 1.161817e-02 7.874910e-03 4.776374e-03 
5.049238e-03 8.324786e-03 1.228190e-02 1.621447e-02 1.915513e-02 2.024942e-02 1.915513e-02 1.621447e-02 1.228190e-02 8.324786e-03 5.049238e-03 
4.776374e-03 7.874910e-03 1.161817e-02 1.533823e-02 1.811998e-02 1.915513e-02 1.811998e-02 1.533823e-02 1.161817e-02 7.874910e-03 4.776374e-03 
4.043114e-03 6.665968e-03 9.834573e-03 1.298353e-02 1.533823e-02 1.621447e-02 1.533823e-02 1.298353e-02 9.834573e-03 6.665968e-03 4.043114e-03 
3.062518e-03 5.049238e-03 7.449346e-03 9.834573e-03 1.161817e-02 1.228190e-02 1.161817e-02 9.834573e-03 7.449346e-03 5.049238e-03 3.062518e-03 
2.075804e-03 3.422422e-03 5.049238e-03 6.665968e-03 7.874910e-03 8.324786e-03 7.874910e-03 6.665968e-03 5.049238e-03 3.422422e-03 2.075804e-03 
1.259039e-03 2.075804e-03 3.062518e-03 4.043114e-03 4.776374e-03 5.049238e-03 4.776374e-03 4.043114e-03 3.062518e-03 2.075804e-03 1.259039e-03 
]
 kernel1(alpha=1)=[
2.210335e-12 1.989680e-10 6.588916e-09 8.026942e-08 3.597426e-07 5.931153e-07 3.597426e-07 8.026942e-08 6.588916e-09 1.989680e-10 2.210335e-12 
1.989680e-10 1.791053e-08 5.931153e-07 7.225623e-06 3.238300e-05 5.339054e-05 3.238300e-05 7.225623e-06 5.931153e-07 1.791053e-08 1.989680e-10 
6.588916e-09 5.931153e-07 1.964128e-05 2.392798e-04 1.072378e-03 1.768052e-03 1.072378e-03 2.392798e-04 1.964128e-05 5.931153e-07 6.588916e-09 
8.026942e-08 7.225623e-06 2.392798e-04 2.915025e-03 1.306423e-02 2.153928e-02 1.306423e-02 2.915025e-03 2.392798e-04 7.225623e-06 8.026942e-08 
3.597426e-07 3.238300e-05 1.072378e-03 1.306423e-02 5.854983e-02 9.653235e-02 5.854983e-02 1.306423e-02 1.072378e-03 3.238300e-05 3.597426e-07 
5.931153e-07 5.339054e-05 1.768052e-03 2.153928e-02 9.653235e-02 1.591549e-01 9.653235e-02 2.153928e-02 1.768052e-03 5.339054e-05 5.931153e-07 
3.597426e-07 3.238300e-05 1.072378e-03 1.306423e-02 5.854983e-02 9.653235e-02 5.854983e-02 1.306423e-02 1.072378e-03 3.238300e-05 3.597426e-07 
8.026942e-08 7.225623e-06 2.392798e-04 2.915025e-03 1.306423e-02 2.153928e-02 1.306423e-02 2.915025e-03 2.392798e-04 7.225623e-06 8.026942e-08 
6.588916e-09 5.931153e-07 1.964128e-05 2.392798e-04 1.072378e-03 1.768052e-03 1.072378e-03 2.392798e-04 1.964128e-05 5.931153e-07 6.588916e-09 
1.989680e-10 1.791053e-08 5.931153e-07 7.225623e-06 3.238300e-05 5.339054e-05 3.238300e-05 7.225623e-06 5.931153e-07 1.791053e-08 1.989680e-10 
2.210335e-12 1.989680e-10 6.588916e-09 8.026942e-08 3.597426e-07 5.931153e-07 3.597426e-07 8.026942e-08 6.588916e-09 1.989680e-10 2.210335e-12 
]
