Laplacian :
 threshold=15
 kernel=[
0.000000 1.000000 0.000000 
1.000000 -4.000000 1.000000 
0.000000 1.000000 0.000000 
]
Minimum variance Laplacian :
 threshold=20
 kernel=[
2.000000 -1.000000 2.000000 
-1.000000 -4.000000 -1.000000 
2.000000 -1.000000 2.000000 
]
Laplace of Gaussian :
 threshold=3500
 kernel=[
0.000000 0.000000 0.000000 -1.000000 -1.000000 -2.000000 -1.000000 -1.000000 0.000000 0.000000 0.000000 
0.000000 0.000000 -2.000000 -4.000000 -8.000000 -9.000000 -8.000000 -4.000000 -2.000000 0.000000 0.000000 
0.000000 -2.000000 -7.000000 -15.000000 -22.000000 -23.000000 -22.000000 -15.000000 -7.000000 -2.000000 0.000000 
-1.000000 -4.000000 -15.000000 -24.000000 -14.000000 -1.000000 -14.000000 -24.000000 -15.000000 -4.000000 -1.000000 
-1.000000 -8.000000 -22.000000 -14.000000 52.000000 103.000000 52.000000 -14.000000 -22.000000 -8.000000 -1.000000 
-2.000000 -9.000000 -23.000000 -1.000000 103.000000 178.000000 103.000000 -1.000000 -23.000000 -9.000000 -2.000000 
-1.000000 -8.000000 -22.000000 -14.000000 52.000000 103.000000 52.000000 -14.000000 -22.000000 -8.000000 -1.000000 
-1.000000 -4.000000 -15.000000 -24.000000 -14.000000 -1.000000 -14.000000 -24.000000 -15.000000 -4.000000 -1.000000 
0.000000 -2.000000 -7.000000 -15.000000 -22.000000 -23.000000 -22.000000 -15.000000 -7.000000 -2.000000 0.000000 
0.000000 0.000000 -2.000000 -4.000000 -8.000000 -9.000000 -8.000000 -4.000000 -2.000000 0.000000 0.000000 
0.000000 0.000000 0.000000 -1.000000 -1.000000 -2.000000 -1.000000 -1.000000 0.000000 0.000000 0.000000 
]
Difference of Gaussian :
 threshold=2.500000e+00
 kernel1(alpha=3)=[
0.001259 0.002076 0.003063 0.004043 0.004776 0.005049 0.004776 0.004043 0.003063 0.002076 0.001259 
0.002076 0.003422 0.005049 0.006666 0.007875 0.008325 0.007875 0.006666 0.005049 0.003422 0.002076 
0.003063 0.005049 0.007449 0.009835 0.011618 0.012282 0.011618 0.009835 0.007449 0.005049 0.003063 
0.004043 0.006666 0.009835 0.012984 0.015338 0.016214 0.015338 0.012984 0.009835 0.006666 0.004043 
0.004776 0.007875 0.011618 0.015338 0.018120 0.019155 0.018120 0.015338 0.011618 0.007875 0.004776 
0.005049 0.008325 0.012282 0.016214 0.019155 0.020249 0.019155 0.016214 0.012282 0.008325 0.005049 
0.004776 0.007875 0.011618 0.015338 0.018120 0.019155 0.018120 0.015338 0.011618 0.007875 0.004776 
0.004043 0.006666 0.009835 0.012984 0.015338 0.016214 0.015338 0.012984 0.009835 0.006666 0.004043 
0.003063 0.005049 0.007449 0.009835 0.011618 0.012282 0.011618 0.009835 0.007449 0.005049 0.003063 
0.002076 0.003422 0.005049 0.006666 0.007875 0.008325 0.007875 0.006666 0.005049 0.003422 0.002076 
0.001259 0.002076 0.003063 0.004043 0.004776 0.005049 0.004776 0.004043 0.003063 0.002076 0.001259 
]
 kernel1(alpha=1)=[
0.000000 0.000000 0.000000 0.000000 0.000000 0.000001 0.000000 0.000000 0.000000 0.000000 0.000000 
0.000000 0.000000 0.000001 0.000007 0.000032 0.000053 0.000032 0.000007 0.000001 0.000000 0.000000 
0.000000 0.000001 0.000020 0.000239 0.001072 0.001768 0.001072 0.000239 0.000020 0.000001 0.000000 
0.000000 0.000007 0.000239 0.002915 0.013064 0.021539 0.013064 0.002915 0.000239 0.000007 0.000000 
0.000000 0.000032 0.001072 0.013064 0.058550 0.096532 0.058550 0.013064 0.001072 0.000032 0.000000 
0.000001 0.000053 0.001768 0.021539 0.096532 0.159155 0.096532 0.021539 0.001768 0.000053 0.000001 
0.000000 0.000032 0.001072 0.013064 0.058550 0.096532 0.058550 0.013064 0.001072 0.000032 0.000000 
0.000000 0.000007 0.000239 0.002915 0.013064 0.021539 0.013064 0.002915 0.000239 0.000007 0.000000 
0.000000 0.000001 0.000020 0.000239 0.001072 0.001768 0.001072 0.000239 0.000020 0.000001 0.000000 
0.000000 0.000000 0.000001 0.000007 0.000032 0.000053 0.000032 0.000007 0.000001 0.000000 0.000000 
0.000000 0.000000 0.000000 0.000000 0.000000 0.000001 0.000000 0.000000 0.000000 0.000000 0.000000 
]
